3.065692711522313019e+01
3.041482568542768306e+01
3.104013749999801064e+01
2.988967745631565975e+01
3.131819269594149802e+01
3.059878497837052791e+01
3.134467196553321244e+01
3.387846476782308258e+01
3.141926059772021418e+01
2.886663347234847166e+01
3.027676444265475553e+01
3.122536388749418990e+01
3.111572572260084968e+01
3.233920406301461981e+01
2.896266740141753360e+01
2.819277767326958539e+01
3.187340209584793982e+01
3.154426450978017371e+01
3.191148321734271676e+01
3.129745095257913334e+01
3.206526254711351953e+01
3.105139743879605874e+01
2.913821293250615696e+01
2.991608711066066562e+01
3.268695182187654780e+01
3.237972202883464945e+01
3.293812298795953808e+01
3.194024146784001061e+01
3.039393082802544299e+01
2.846370337333644329e+01
3.082030210057084929e+01
