3.157396411296189598e+01
3.042804490125302408e+01
3.287211712061586866e+01
3.366890075987748077e+01
3.277875552487141420e+01
3.154693284713021839e+01
3.126239439011884969e+01
2.944173615633237162e+01
3.188890197401560300e+01
2.939665763798424436e+01
2.966139230625493894e+01
3.239545187054772413e+01
3.052628615317600591e+01
3.074373212159313340e+01
3.219940038687247608e+01
2.954423520290017535e+01
3.029556795807525305e+01
3.115819549415379797e+01
2.929116963679181751e+01
3.346686040675349716e+01
3.199246944270143089e+01
3.206181331790758549e+01
3.232414172990828405e+01
3.084743428754470784e+01
3.157456363585555081e+01
3.200978197707355832e+01
3.061679877300461783e+01
3.048742988750283445e+01
3.134732269604738164e+01
3.169904430754878888e+01
