3.382361512506056300e+01
3.434148745118714174e+01
3.287890013326491356e+01
3.222558627859369551e+01
3.394883712212691762e+01
3.021452385864801471e+01
3.087788744090628867e+01
3.158121375357056237e+01
3.270910145287245996e+01
3.275563007393924408e+01
3.551048057336217312e+01
3.271620066461400000e+01
3.256451482926545538e+01
3.394674247533359335e+01
3.027076264757907254e+01
3.094217050734350494e+01
3.111614688594966793e+01
3.082589523498788964e+01
3.149257042208968116e+01
3.125264875103207984e+01
3.218860599387956967e+01
3.347246193402998671e+01
3.248757744294259453e+01
3.059599744434289192e+01
3.303690416272159069e+01
3.184536510627038197e+01
3.061040756421281372e+01
3.115656515417286343e+01
3.057616570124732291e+01
3.493653385947799705e+01
3.332825692162392528e+01
