3.186436332939336680e+01
3.350388239414240843e+01
3.423102028911929295e+01
3.331662789031451410e+01
3.348646314638115484e+01
3.306867136275357666e+01
3.422059300277974359e+01
3.101873008993158365e+01
3.193467688841063534e+01
3.401646559834276928e+01
3.032416262568500187e+01
3.494738559718158655e+01
3.297728055674465963e+01
3.149886268357573726e+01
3.191496231573780307e+01
3.290043375414916227e+01
3.395552791737724618e+01
3.088226347029131702e+01
3.130136383247181087e+01
3.302447849640756772e+01
3.295270095712604075e+01
3.271344321874514804e+01
3.328500876794773689e+01
3.152750270858438952e+01
3.315239235242678006e+01
3.217892234125229578e+01
3.156072462232555154e+01
3.373059676524377437e+01
3.451007030106424622e+01
3.178586377672869645e+01
