2.932613510560216241e+01
3.052458108995160302e+01
3.042063330393046883e+01
3.105226868362818138e+01
3.043204323587877980e+01
3.079736198318527229e+01
3.060630346529493906e+01
3.264020217604368668e+01
3.072353174018497768e+01
3.213448155443788323e+01
2.827319793664935688e+01
3.157284880794910720e+01
3.122193094848896422e+01
3.262059292232189733e+01
3.230313387853504992e+01
3.318067951765659984e+01
3.096070725981409311e+01
3.174206009350018576e+01
2.912197551233806792e+01
3.156682301744805841e+01
2.962655395353881715e+01
3.253794307858862567e+01
3.242927705467046451e+01
3.039707645610341302e+01
3.383163371996351998e+01
3.234420656041146458e+01
3.318496375671624321e+01
3.242262156857241706e+01
3.360587414349343049e+01
3.117497634101577830e+01
2.929090169886210759e+01
