3.042524341825024337e+01
3.169719800398888054e+01
3.284217206575215187e+01
3.344063895975447309e+01
3.309276109469527682e+01
3.114923657934574663e+01
3.156562859785443109e+01
3.030416552243729456e+01
3.264626847247958352e+01
3.217739224392469310e+01
3.282335184071411049e+01
3.293363991039280592e+01
3.310464848209537081e+01
2.968689177064352336e+01
3.135129169078028610e+01
3.247832797890405487e+01
3.371916525982081936e+01
3.212565354082031632e+01
2.960469594246479730e+01
3.179701833055856852e+01
3.107312697031386506e+01
3.283858913826080794e+01
3.130778148343319955e+01
3.248456882387538514e+01
3.192879752574035379e+01
3.114155224895085183e+01
3.331160461033630327e+01
3.278373858291742948e+01
3.241217960229492689e+01
2.953805052235831141e+01
