2.960044390143052695e+01
2.966603710439963493e+01
2.893127827093898929e+01
3.072862594862871433e+01
3.069688663764586067e+01
3.193403563986627347e+01
2.652076186491095200e+01
3.086061079348649017e+01
2.849314786819464373e+01
2.957192373027721644e+01
2.988672594056752629e+01
2.906034209393707002e+01
2.776297803960686039e+01
2.961295985681662302e+01
2.909036781778786818e+01
3.160186152954002026e+01
2.911704915439602814e+01
2.784497844778834974e+01
2.713780521245226751e+01
3.025707152992639593e+01
3.045102365059402771e+01
2.813510993928299797e+01
2.952593419925105422e+01
2.884846818459288897e+01
2.765423605139616825e+01
3.069036261227512341e+01
3.053839097031925220e+01
2.690590606624923709e+01
3.177879618769042835e+01
3.092439491703649068e+01
3.144894111832398664e+01
