2.762329195270889670e+01
2.711276241283954391e+01
2.671959506878827639e+01
3.053995124952157880e+01
3.041003317811633266e+01
2.947472853048980213e+01
3.031044374466589986e+01
3.017662809242374777e+01
2.989155601015108132e+01
3.010443102332558851e+01
2.954953731629485247e+01
2.870374877939727654e+01
2.913635925297200657e+01
2.786889367755513902e+01
3.049629759363864423e+01
3.007701359900672955e+01
3.234895613826177652e+01
2.766101784939228381e+01
3.093138920526634550e+01
2.826700044461303918e+01
2.912943521171156291e+01
3.011122061138048878e+01
2.883084313639996310e+01
3.160266336371432416e+01
2.898516322421792069e+01
2.749276135829090961e+01
2.891367714462095151e+01
2.915549894022601762e+01
3.020718285428143091e+01
3.083613449762380654e+01
