3.309930059774610100e+01
3.227311916607451536e+01
3.356531766707274045e+01
3.248068999579624005e+01
3.220924533907006548e+01
2.980951932351631584e+01
3.170899073122257406e+01
3.106546183944137951e+01
3.297667377733289129e+01
3.341641931045477065e+01
3.004117152616398911e+01
3.101904251848755933e+01
3.250709460890355729e+01
3.312227506107825548e+01
3.157991485417027278e+01
3.126909489597395009e+01
3.288818584919806653e+01
3.173418804495383228e+01
3.423442576292244865e+01
3.355428058102937428e+01
3.172589489916412830e+01
3.203341291418571046e+01
3.054708822100753807e+01
3.195231836684246929e+01
3.146542136079128937e+01
3.305076663333510822e+01
3.247050166624962486e+01
3.102522817198524052e+01
3.202495374332367106e+01
3.155590036985783797e+01
3.147269247423735905e+01
