3.229537620740786963e+01
3.139672010114763268e+01
3.419608650216529355e+01
3.312927724484065806e+01
3.203247660008479158e+01
3.284735647166284878e+01
3.036440091044536160e+01
3.096612762365248983e+01
3.349690351605978833e+01
3.156757226959112117e+01
3.135337394645793907e+01
3.184548937115772205e+01
3.032897881898257353e+01
3.394544932966723394e+01
3.201745605159666042e+01
2.959897542367438916e+01
3.184777330422794250e+01
3.367462697961265405e+01
3.335378119221621063e+01
3.432983083222735843e+01
3.384860530848264659e+01
3.141604004030484987e+01
3.259927177448455637e+01
3.287841210726560348e+01
3.313951048114442699e+01
3.143295437303322259e+01
3.122247290971690958e+01
3.108196554230116604e+01
3.170335566626880919e+01
3.191863070467502439e+01
