3.113544216400517328e+01
2.992347650075564403e+01
3.188746699457061595e+01
2.985412037536468333e+01
2.986839229872479962e+01
3.082257962513319427e+01
3.029927059467577521e+01
3.223424460830650418e+01
2.884153308672850002e+01
2.936978330396053494e+01
3.059469264150359180e+01
3.123273416415050363e+01
3.012499494169468051e+01
3.247660104084943811e+01
3.083022486546934715e+01
2.907989451766639633e+01
3.208714702154087917e+01
3.018408567285617039e+01
3.110109605571854630e+01
3.087267152228669431e+01
3.273926621725595254e+01
3.135271360410628105e+01
3.169944286223190133e+01
3.157439779667530644e+01
3.242393955303194986e+01
3.046127612056767475e+01
2.889610545449757240e+01
3.015479846241570172e+01
3.075600266037755048e+01
3.107856604368589615e+01
3.233187495561480063e+01
