3.286624697956054320e+01
3.077369904579605375e+01
3.100364584538447943e+01
3.107719368115896685e+01
3.168756111541272347e+01
3.036686884486245219e+01
3.099069732896110096e+01
2.784082476510979376e+01
3.197952505397407919e+01
3.098585918114971705e+01
3.232413175301103792e+01
2.935867792807863097e+01
2.951895817901299424e+01
3.020084676368876231e+01
3.089253974540508096e+01
3.149609649952760293e+01
2.890066385675071814e+01
3.049151004146134625e+01
3.125616413306843455e+01
3.008974914056128114e+01
3.171985956226468772e+01
3.246980514619018265e+01
2.971519169755319822e+01
3.097883721682638125e+01
3.020629833315125623e+01
2.840175369714431497e+01
2.998359189974634020e+01
3.219094276360504381e+01
3.070678871135256216e+01
3.042228835932645481e+01
