2.523023265981452923e+01
2.565063049682562024e+01
2.772370231900607251e+01
2.910855709183442386e+01
2.500067140565335322e+01
2.386540039906216748e+01
2.447050085498239369e+01
2.651922021875073554e+01
2.554102608538173058e+01
2.689905864364725119e+01
2.588025943447050992e+01
2.463912193729013467e+01
2.785218463010161827e+01
2.568245620047090938e+01
2.447549292513076580e+01
2.629802300278775462e+01
2.725289644535497757e+01
2.789190010661785379e+01
2.585734084293884649e+01
2.411264079661575366e+01
2.867935475730448402e+01
2.774109211487763105e+01
2.599202952374798059e+01
2.459399595093440638e+01
2.724478223947125954e+01
2.577555233034462034e+01
2.635331333801203613e+01
2.730349734628132552e+01
2.581653084620107919e+01
2.717119780031894649e+01
2.667880041374041156e+01
