2.676266988489824783e+01
2.709475049183530970e+01
2.389635593749668985e+01
2.538787073878351563e+01
2.562449454961165429e+01
2.635593005819252355e+01
2.339112990818391680e+01
2.814936502792971851e+01
2.744901083080873860e+01
2.729829640687227155e+01
2.558839474668169345e+01
2.640749921559147495e+01
2.462472108105357904e+01
2.531578237068836756e+01
2.620786721515514373e+01
2.735754032072618713e+01
2.548121148419582482e+01
2.482893649470436515e+01
2.594272271197596069e+01
2.590162719924720136e+01
2.618828343141483117e+01
2.750782762933862813e+01
2.415484041689100891e+01
2.665115509782135206e+01
2.756998307742133036e+01
2.693062092260862173e+01
2.610183275106317424e+01
2.604096435494410500e+01
2.529948367322162639e+01
2.517247104043375927e+01
