2.972554721251238163e+01
2.975568460540480942e+01
2.890765188761922744e+01
2.835064953104217267e+01
2.819080678388415606e+01
2.933665232970808745e+01
2.687605487196107390e+01
2.628387624573081638e+01
2.909015227629619105e+01
2.856449871710087862e+01
2.961502320650495790e+01
2.708386974474588271e+01
2.919146036936439614e+01
2.876340740654726602e+01
3.041465967368278100e+01
2.671993741135610634e+01
2.875562079394242332e+01
2.790332820140538672e+01
2.788305654031425362e+01
2.939063379074837101e+01
3.144918874908887574e+01
2.891003707251990562e+01
3.007220038736534917e+01
2.997391033603852506e+01
2.932068603193748046e+01
2.992358104585884249e+01
2.843582308247292900e+01
2.911738589354977336e+01
2.873441244619090895e+01
3.030908066045173399e+01
2.952819505595310545e+01
