2.654689952081547943e+01
2.670886851885527591e+01
2.895298387572401921e+01
2.940032733686655320e+01
2.997975123399577768e+01
2.773788497617448812e+01
2.847424729174399616e+01
2.928640907384665937e+01
2.873033234141705705e+01
2.588763693835149482e+01
2.751247996327249723e+01
2.888740661970236090e+01
2.624126660621604756e+01
2.795175972472512171e+01
2.749682486700532991e+01
2.876802168523461845e+01
2.925085411611388153e+01
2.870132166383854866e+01
2.891829394573061052e+01
2.931411491610432307e+01
2.656502498076605789e+01
2.794516405844290929e+01
2.865336693397893342e+01
2.892555350180779428e+01
2.947281116201943263e+01
2.963609179374970992e+01
2.814632177480169872e+01
2.669757221214589293e+01
2.879418481328389134e+01
3.056466120005377007e+01
