3.095044649474604270e+01
3.073501563776630974e+01
3.111836077727617678e+01
2.922296632676737715e+01
2.963554682101705140e+01
3.240669095332672356e+01
3.045819295835922347e+01
3.174223217162214894e+01
3.215048928742922385e+01
3.221178249513894798e+01
2.951175767017323182e+01
3.205432846717177853e+01
3.276228701345649341e+01
3.228466463109577234e+01
2.818071858860979972e+01
3.128716744806652628e+01
3.004816946545940226e+01
3.287376101067226131e+01
3.071738739523971873e+01
3.096629414542987746e+01
3.409546987577603971e+01
3.050861753557799005e+01
2.984416884440946305e+01
3.354653881125230441e+01
3.223110931089344433e+01
3.080199617515416577e+01
3.101232496473725675e+01
3.083668497408316611e+01
3.192944620646370879e+01
2.967477043888577626e+01
3.192212401781340958e+01
