3.116955631506817781e+01
3.249177122428885411e+01
2.932163147840250517e+01
3.163960346402188506e+01
3.213494294299525222e+01
3.049806076168699320e+01
3.205821135670893085e+01
2.933884294987880281e+01
3.184473713808447215e+01
3.146609301923083635e+01
3.040169191264600457e+01
2.965255342217158940e+01
3.247126716399001367e+01
3.155788525450401494e+01
2.980834785113261276e+01
2.982880318721118584e+01
2.947151597038038062e+01
3.244176581690159367e+01
3.086472607455584338e+01
3.270586322595888618e+01
3.212106063600942463e+01
3.003309216393759229e+01
3.168831176353053536e+01
2.926515194371385675e+01
3.251022989956997122e+01
3.241807829541180297e+01
3.023399375021536173e+01
3.101731485134223831e+01
3.243686559842757333e+01
2.942907588621599402e+01
