3.139935172734770674e+01
2.914648948407980100e+01
2.766665702838617236e+01
2.706011569444098441e+01
3.077769057273964393e+01
2.884841336658136868e+01
2.990914636927607262e+01
2.694005745828879128e+01
2.999173917656963084e+01
3.035043491248820047e+01
2.648864558349252007e+01
2.830860615967809579e+01
2.950357107680613566e+01
3.145706656486098396e+01
2.593365202902831257e+01
3.016581489738418398e+01
3.004177523128976546e+01
2.930392654820882825e+01
2.833650231545533060e+01
2.974755943008601022e+01
3.000423866745813584e+01
3.031296826139539036e+01
2.960290881600105095e+01
2.732393237899290028e+01
2.876084068184355047e+01
2.765873905077596717e+01
3.007820857203893183e+01
3.033366581777471538e+01
2.994101156501578487e+01
2.663583675248996130e+01
2.934107310448920458e+01
