2.839145624932658762e+01
2.871738106832473392e+01
2.882983453631998216e+01
3.060584350543651766e+01
2.887998393632832261e+01
2.899740645722467747e+01
2.921557607216368524e+01
2.809198526650360961e+01
2.796465487853398457e+01
2.995783696489594305e+01
2.828496748185384391e+01
3.118946319822732605e+01
2.961042055686030849e+01
2.750346780403686964e+01
2.738909917248619053e+01
2.978578223788942481e+01
2.958187905691523056e+01
2.817626544795781740e+01
2.812354609650673609e+01
2.908290476711567152e+01
2.904172117973055478e+01
2.767708694666637825e+01
3.048581674896361449e+01
2.917159186611866772e+01
2.724014182316328103e+01
2.991190912124873336e+01
2.963244113695393978e+01
2.737274966493924921e+01
3.071458793462359083e+01
3.065341477659594815e+01
