3.001697838338163393e+01
3.099033483239652398e+01
3.098193627128860683e+01
3.095585401283669569e+01
2.879866198964243296e+01
2.897820512413913718e+01
2.828885855307074593e+01
3.024555855763811962e+01
2.981104797608571744e+01
3.036640156890194220e+01
2.731404373416176057e+01
2.897534678454207935e+01
2.914450197409464494e+01
2.893134740031967311e+01
2.667837767606935273e+01
2.775753804679501258e+01
2.814541779262397014e+01
2.868811388452352418e+01
2.813749578977498800e+01
2.801924631228767737e+01
2.670024571845436512e+01
3.015389582072888786e+01
2.743787237440016469e+01
2.976743827251818431e+01
2.708461776973473434e+01
2.882348618932742568e+01
2.957923126609005138e+01
2.856753251984250142e+01
2.666350619133391575e+01
2.580630091640853152e+01
2.947768499121025698e+01
