2.771536041998343691e+01
2.640061768079109683e+01
2.950183355277338748e+01
2.698970159449721251e+01
2.861716551827806754e+01
2.915306073676645227e+01
2.993711200762951208e+01
2.670061841134212699e+01
2.923392377340128334e+01
2.865312819791362386e+01
2.823870764508691877e+01
2.644190418753165162e+01
2.731022236764008326e+01
2.837662744353075084e+01
2.755822652033667808e+01
2.587726620476797734e+01
2.606148840541258949e+01
2.629873044797403736e+01
2.736973909525504922e+01
2.669728818796502523e+01
2.788350584043408276e+01
2.631553389995018222e+01
2.790327028442333201e+01
2.860156744138384255e+01
2.974900058566944949e+01
2.999464991981469097e+01
2.590305435507188037e+01
2.849421175529988304e+01
2.823229805384606195e+01
2.942409266432180814e+01
