2.862588968276126167e+01
2.646220165552780301e+01
2.987075809833930151e+01
3.044501808692598388e+01
2.656823234374625287e+01
2.838491340820641184e+01
2.883048231049402688e+01
2.866833969447050379e+01
2.800589611150593683e+01
2.859639204924005895e+01
2.608290974614575930e+01
2.743001999485351661e+01
2.999052647928588655e+01
3.053968910151149529e+01
2.811146126368137033e+01
2.963370597538406415e+01
2.824243174815518742e+01
2.780692257401366518e+01
2.957506112096446316e+01
2.848434869908840028e+01
2.883904032056005562e+01
3.001028611329191165e+01
2.983793061151693493e+01
2.976732074935502936e+01
2.685796795769151402e+01
2.829605456594975266e+01
2.864817576429924273e+01
3.089398021417917306e+01
2.724593262263698890e+01
2.796239844549887366e+01
2.789541251140011013e+01
