3.046931007575946637e+01
2.617354917358725075e+01
2.714599167135364866e+01
2.872866335987038866e+01
2.701244472359962501e+01
2.918227041152563928e+01
3.002885249973670767e+01
2.547840218233848830e+01
2.669609638450088340e+01
2.725404074965973678e+01
2.817180520333537075e+01
2.683834339908717581e+01
2.746563621326239257e+01
2.818583815616170440e+01
2.884624151808908721e+01
2.644594389111983901e+01
2.650564561982595535e+01
2.904119196166998762e+01
2.855870809437838531e+01
2.987635205093826940e+01
2.956625875479863197e+01
2.682785215754795516e+01
2.784589323792116744e+01
2.852661669139577683e+01
2.642678494784946608e+01
2.871046433450383262e+01
2.766580924921200335e+01
3.004897008775044043e+01
2.926977268934674825e+01
2.783803800801495498e+01
