3.171996953986476342e+01
3.396162333416089041e+01
3.238096612862188550e+01
3.301416985203942289e+01
3.252966830324110248e+01
3.011663927781556183e+01
3.053949770327508517e+01
3.249460091289964225e+01
3.331079383274212091e+01
3.093195231599424133e+01
3.094680073072543891e+01
3.153830912004085363e+01
3.023916843345043759e+01
3.406648111112848198e+01
3.140098033012168699e+01
3.110818996005697201e+01
3.215072338722424661e+01
3.130487925473440214e+01
3.118717235999541515e+01
3.097882513300697127e+01
3.074806014454453162e+01
3.035025865810843726e+01
3.052794324661991965e+01
3.352913296736661408e+01
3.252270078167294542e+01
3.319306835951723400e+01
3.001133214630637980e+01
3.178334386557303048e+01
3.245768991049614272e+01
2.987100657176568319e+01
3.116003281148259063e+01
