3.090306425772712018e+01
3.142687916473311560e+01
3.345772675961163856e+01
3.077766267502854092e+01
3.462403666146738601e+01
3.393653215117721800e+01
3.298256156663952510e+01
3.398802347513280608e+01
3.171304975658931724e+01
2.996505187843876072e+01
3.322446992558617751e+01
3.193637494425737700e+01
3.192031576605228338e+01
3.183307382446879430e+01
3.153659211938373019e+01
3.239700668324811517e+01
3.177752991830040941e+01
3.115712066110471312e+01
3.220256389706522526e+01
3.070016060789808066e+01
3.067790406211857146e+01
3.072054364667113191e+01
3.402524026382139510e+01
3.103586133328916929e+01
3.259793203620758106e+01
3.389107669068046391e+01
3.098564311298279250e+01
3.164698813597388849e+01
3.004449623336157771e+01
2.946946145040148224e+01
