3.082156893816535259e+01
3.200783287429485569e+01
3.291927940502532124e+01
3.408298619620639869e+01
3.069853359460044828e+01
3.028706514998587096e+01
3.311355699992332546e+01
3.366407417918939871e+01
3.218918880842960561e+01
2.953987875339257130e+01
3.344136890501886228e+01
3.264728655263960633e+01
3.079835400505489673e+01
3.055212628437348954e+01
3.137440553419583011e+01
3.146897118167508012e+01
3.289716733615009758e+01
3.275963881774875119e+01
3.292758183441478081e+01
3.015119360918043512e+01
3.147572667195944618e+01
3.149529324096197413e+01
3.220046591234702049e+01
2.973815356802249710e+01
3.302049583636640762e+01
3.197382929940634000e+01
3.068863834930533585e+01
3.400652220209575205e+01
3.298840949854160698e+01
3.317167594472734038e+01
3.165572704912232638e+01
