3.375973935514407032e+01
3.145916318565119951e+01
3.157311507166281217e+01
3.042043962597295348e+01
3.080444799879937534e+01
3.148452594290173323e+01
3.164469212327535530e+01
3.334191881115301470e+01
3.042067628478406505e+01
3.192407917921796923e+01
3.259631717693041253e+01
2.939746427505723858e+01
3.268259994705042715e+01
3.166882014243632426e+01
2.959088692663323883e+01
3.267418814148906847e+01
2.975465817358062282e+01
3.038602349314505346e+01
3.045609954603302327e+01
3.094374601617426634e+01
3.422975790252170469e+01
3.302461929854604250e+01
3.053929919046466424e+01
3.171636230768555365e+01
3.155509903422862195e+01
2.994510537332544331e+01
3.155872933615551901e+01
3.090605258036785230e+01
3.289860228905961037e+01
3.215416980616874554e+01
