3.239964053506273700e+01
3.145363213158364246e+01
3.221929863264055882e+01
3.039855772555359792e+01
3.296161475363920346e+01
3.197053908915847131e+01
3.307324236752981506e+01
3.317306379117164283e+01
3.078344318050741535e+01
3.098385260684401388e+01
3.442523343876236908e+01
3.133689457026026304e+01
3.192667321522105794e+01
3.184182702707797574e+01
3.281964346771970042e+01
3.408242851282356156e+01
3.250693701526231649e+01
3.404477511761943020e+01
3.384669266459629711e+01
3.126258733524920075e+01
3.130077729776926176e+01
3.328080473735884937e+01
3.253143109494441632e+01
3.280779816124628923e+01
3.141456124083171630e+01
3.372760679284142071e+01
3.381283244908114227e+01
3.279253794429239122e+01
3.393767947197072488e+01
3.521964452659697997e+01
3.123444421811851512e+01
