3.254582899429809828e+01
3.363559339460131525e+01
3.197248749037685656e+01
3.303470683742293090e+01
3.364771402596738170e+01
3.245081837187179019e+01
3.137501134474063491e+01
3.327862804613278058e+01
3.259834497836961731e+01
3.316551609815508073e+01
3.211091665140727258e+01
3.244030868388195898e+01
3.247592586229916378e+01
3.188561622089768477e+01
3.303922052382195318e+01
3.306755321786972246e+01
3.270796926637421365e+01
3.506288979658329197e+01
3.401987337785205057e+01
3.177663697038519075e+01
3.283356015428680763e+01
3.329536493111497464e+01
3.231580578157608841e+01
3.150741426444734117e+01
3.171456787714878800e+01
3.231587069898121456e+01
3.275196175676155974e+01
3.233026816196868225e+01
3.350098436004724789e+01
3.194221337269722838e+01
