3.144908056314741174e+01
3.168663118080070973e+01
3.181293948707131491e+01
3.041642311963680712e+01
3.013609711154927595e+01
3.023766132509434001e+01
3.110307383295925376e+01
3.306361479643281598e+01
3.208805786074874078e+01
3.164824269906817733e+01
3.192158108614716738e+01
3.263836832516825837e+01
3.053894727282145638e+01
3.265743394132831412e+01
3.226281006749430702e+01
3.272993785075270523e+01
3.229347480243560398e+01
3.090747690703469885e+01
2.911886308135924750e+01
3.178170039618158427e+01
3.081404382173815648e+01
3.346699530717088322e+01
3.329115685532264024e+01
3.152239135393519831e+01
3.252920848229077677e+01
3.138613928481519366e+01
2.998481060651624475e+01
3.275281659951403412e+01
3.124542669744394985e+01
3.150756916409658359e+01
3.099171995516076450e+01
