2.945138366429064547e+01
3.320451617621240814e+01
3.242980129675498802e+01
3.253313972648327024e+01
3.165080450055868866e+01
3.421813874263341404e+01
3.217959804397178658e+01
3.176290741044826760e+01
3.154991281857588703e+01
3.097085863257430915e+01
3.002236744918893763e+01
2.983139146490330518e+01
2.931647338036844275e+01
2.957756875695910637e+01
3.283426833028125458e+01
3.363552899758057890e+01
3.284972866759596144e+01
3.305777928118916975e+01
3.213056607830765898e+01
3.024465756033296415e+01
3.325517387892526244e+01
3.138709768987722626e+01
3.155353228096944207e+01
3.336124287664635801e+01
3.086512222946492301e+01
3.280496399709691957e+01
3.214536497247730296e+01
3.275604120473630587e+01
3.177013802512924201e+01
3.238224703623869516e+01
