3.073809042855345197e+01
2.995844632004420660e+01
3.012686554008825368e+01
2.885929073616968310e+01
3.299633663946110573e+01
3.050790940547552665e+01
3.141214200815176127e+01
3.205990870498143863e+01
3.143159473692884376e+01
3.180245980223149971e+01
3.259930546977221155e+01
3.122688855272237163e+01
3.057325168346147493e+01
3.017430671113174867e+01
3.267112661317590039e+01
3.032117000499883730e+01
3.172029456835120698e+01
3.338074703023465872e+01
3.102972358860056445e+01
3.045114686576111040e+01
3.055461263916629733e+01
2.981478301477380910e+01
3.144072817624442351e+01
3.010184696348689215e+01
3.267644007818491048e+01
3.274716878746735915e+01
3.288218906963311383e+01
3.026865706801053335e+01
3.292385380118578553e+01
3.317025223978745174e+01
3.129295822419121720e+01
