3.238422312145498694e+01
3.171819550085002604e+01
3.245158328089648592e+01
3.235179411151150930e+01
3.225160749176454544e+01
3.091718974900305028e+01
3.195118020324525077e+01
3.249800585002411424e+01
3.119791036627858816e+01
3.229944420756767443e+01
3.038444010820666108e+01
3.197131911319270614e+01
3.319095027084897964e+01
3.008506954887416995e+01
3.223750663073160183e+01
2.884629309893960425e+01
2.915176992011243939e+01
3.224190877784547382e+01
3.197582181697847048e+01
3.125646696627584120e+01
3.239378176768567386e+01
3.066992009384581408e+01
2.977686401707466501e+01
3.296048301094170085e+01
3.035864286995191819e+01
3.161654736655831854e+01
3.119748714516710919e+01
3.056823727464812634e+01
2.994389369190956884e+01
2.980893567756033491e+01
