3.031286137213819032e+01
2.810172368083073025e+01
3.165973563270176783e+01
3.105958018766886752e+01
3.177656798265021365e+01
3.038433489877294491e+01
3.189767250087276551e+01
3.121969567165734105e+01
3.074149681746026985e+01
3.141331753128326909e+01
3.213825636609302450e+01
3.143858601584530277e+01
3.093787799447016340e+01
3.067660817395656281e+01
2.948154432458624186e+01
3.387916789161839404e+01
3.020431374877114195e+01
2.887640557721809031e+01
3.209039245484420633e+01
3.214276529394071957e+01
3.107805391600213341e+01
2.880204014838978210e+01
3.360862301892621673e+01
3.273869505432357840e+01
2.982553758013152745e+01
3.164019390431095147e+01
3.119221216881654968e+01
3.256045456610563349e+01
3.170573823295313076e+01
3.056957897619862763e+01
3.116556564393950524e+01
