3.282135629496799112e+01
3.087851798240379253e+01
3.152807243755763977e+01
3.223909515051752805e+01
3.097703087581094650e+01
3.235196135467522538e+01
3.424713187751992649e+01
3.310804705023628003e+01
3.375411161459403075e+01
3.079561734781669813e+01
3.115398331404392707e+01
3.102042648703509187e+01
3.059096536089742813e+01
3.044025886303299799e+01
3.217128748206228295e+01
2.970631028526013750e+01
3.055451092681072822e+01
3.115273974438951043e+01
3.263935386374343750e+01
2.946190911483412833e+01
3.079334246949376208e+01
3.164018091957981582e+01
3.104474464942877887e+01
3.116845734027216963e+01
3.165155801935143387e+01
3.144408048431193947e+01
2.961825310152522661e+01
3.036126407591665810e+01
3.258570522545225856e+01
3.099707342423275236e+01
