3.095922083318604479e+01
3.256500599750073377e+01
3.262721416301157973e+01
2.909790315217936296e+01
3.209222893359765294e+01
3.126645023165124826e+01
3.034719462710490845e+01
3.186059077452311428e+01
3.294277180618267664e+01
3.215259095997782168e+01
3.064089639929701292e+01
3.182092408558347074e+01
3.062998668871453134e+01
3.192829521081284128e+01
3.080486888292312386e+01
3.220212342113710946e+01
2.945612226068000794e+01
3.109987871912214885e+01
3.288998099764751970e+01
3.180450110254016849e+01
3.078158660359770948e+01
3.153181304915639060e+01
3.283345421200666436e+01
3.216598019562456301e+01
3.212911588168672949e+01
2.994241289131334582e+01
3.205176500023015507e+01
3.093097343349926120e+01
3.322241634502559293e+01
3.148178918309345420e+01
3.162286068307440701e+01
