3.211907686404093454e+01
3.271787870610786086e+01
3.380722762784153446e+01
3.055401948210068852e+01
3.128536571095540353e+01
3.072935771505699165e+01
3.137135014268737621e+01
3.197004863303326871e+01
3.060854713689532858e+01
3.279598546221108535e+01
3.279810379341227389e+01
3.143983364526028623e+01
3.040660929043603744e+01
3.367776895550747440e+01
3.232051814950316526e+01
2.863138756896781345e+01
3.233388938657979139e+01
3.336504197159884910e+01
3.088653128186715335e+01
3.229286171595844479e+01
3.162936828285424795e+01
3.128900821156669920e+01
3.258585821170161267e+01
3.159380820872729601e+01
2.987564280675360706e+01
2.904787477702356213e+01
3.145653910109566098e+01
3.273024870100015704e+01
3.049461392592545650e+01
3.223197495443647398e+01
