3.299876366369194614e+01
3.245139429024871447e+01
3.259642941992748888e+01
3.322158507322235010e+01
3.097234932665960017e+01
3.208745200705682521e+01
3.388057392327882411e+01
3.185127372071178087e+01
2.961030270509905904e+01
3.119146947267079284e+01
3.532040589054359003e+01
3.313546127671229158e+01
3.233465424948659006e+01
3.116748838985852998e+01
3.318457157388237277e+01
3.436366357805930960e+01
3.285596956035858085e+01
3.228194496081066234e+01
3.158084037843877567e+01
3.257490267340611467e+01
3.338186466162306232e+01
3.149640160607460615e+01
3.119547602196151459e+01
3.359295394239537558e+01
3.298405537286260625e+01
3.397305595601610406e+01
3.220488690929465037e+01
3.183904300809547649e+01
3.110770433315121508e+01
3.229181818422590311e+01
3.350682494158053970e+01
