3.407204189305571873e+01
3.233405452495261301e+01
3.209847605741651932e+01
3.128129336106430713e+01
3.365091078814207748e+01
3.367661229337887363e+01
3.390323851879417560e+01
3.209019382548686394e+01
3.121601733263125311e+01
3.459194248221773904e+01
3.327688649666801268e+01
3.185936254373221388e+01
3.222444402561347232e+01
3.377088953098034807e+01
3.313449982850286091e+01
3.137643302134484458e+01
3.416286293334476909e+01
3.451252879862844480e+01
3.018259505748341098e+01
3.316039890899300957e+01
3.470675962634182810e+01
3.308229510040020926e+01
3.197516592825921933e+01
3.499787949065454029e+01
3.059953924881287435e+01
3.118621155707963410e+01
3.247231048550225552e+01
3.167187662088139533e+01
3.242776932652809307e+01
3.345768434977316730e+01
