3.140457310713280492e+01
2.978612882856815602e+01
3.075535713855038722e+01
2.857767577880455434e+01
3.174722929487234424e+01
3.016756696252769743e+01
2.965405424873845774e+01
2.986348614952455094e+01
3.144725407767251113e+01
2.946144087836358949e+01
2.946473762823663733e+01
2.910872354169054788e+01
2.935689099735384033e+01
2.825138245395938696e+01
2.956762645610783125e+01
2.955280206506128238e+01
2.996127923182543995e+01
2.870714279522637824e+01
2.949198804610007230e+01
3.090023021720022101e+01
3.163951367924902414e+01
2.848749960532710190e+01
3.022755300604550044e+01
3.082925020415895290e+01
2.943528439279651465e+01
3.272847165825195503e+01
3.017569233498662484e+01
3.229150487541806314e+01
3.073201238958587211e+01
2.864752118097705136e+01
2.973544088848050393e+01
