3.156494293310974797e+01
3.085428871680894858e+01
2.898458862729884800e+01
3.064800264448514255e+01
3.220358010062597742e+01
3.087118361979024073e+01
3.074507423948505291e+01
3.094046688592606031e+01
3.239449184143472849e+01
2.820545154493512996e+01
2.947323053493960998e+01
3.056294411929651389e+01
3.070195624574486004e+01
2.939818499706188959e+01
2.988185082420466898e+01
3.126733037387901959e+01
3.089953262832646175e+01
3.030395652351812075e+01
3.076326200011867940e+01
3.029496502131514646e+01
2.859925897442851550e+01
3.065009807090073579e+01
3.172785848972024780e+01
3.109972077576846061e+01
3.168533970753380657e+01
3.153365146390235196e+01
2.911446039958000753e+01
3.064866197059893693e+01
3.154458104407108010e+01
3.023545970883908751e+01
