3.294955988540216651e+01
3.322280271770369353e+01
3.418893648815500086e+01
3.067289569752070122e+01
3.187374978660218616e+01
3.132253640735399003e+01
3.040492431381621685e+01
3.408014782204882920e+01
3.011511362460498731e+01
3.016044800810855264e+01
2.927549540832240638e+01
3.130994166865900397e+01
3.383873409972415658e+01
3.166317643601805543e+01
3.088444551381479286e+01
3.227028406303168140e+01
3.177360540266490219e+01
2.846776132740896159e+01
3.167111820801155631e+01
2.867632161907775412e+01
2.981027885694422608e+01
3.183379309683851588e+01
3.161798948251715657e+01
3.101554488375101215e+01
2.987285253871194968e+01
3.029221315300598150e+01
2.935563266730938992e+01
3.136824378023920801e+01
3.324703188082327188e+01
2.948380991683208663e+01
2.965690069392090678e+01
