2.989202702623152419e+01
3.257512278364009717e+01
2.999401670784246932e+01
3.071641084151522705e+01
2.970786801094241270e+01
2.989617122927112192e+01
3.035281422985918454e+01
3.169372808032859368e+01
3.232411878947762318e+01
3.252993330853450260e+01
3.044425033086243815e+01
3.215637197658848834e+01
3.205754958418375367e+01
3.104856815971957928e+01
2.971637610728829060e+01
3.021364031578579912e+01
2.838216198931096557e+01
2.966339256826795889e+01
3.156769881473428541e+01
3.124722435326185632e+01
3.129049849914805748e+01
3.096310800941468244e+01
3.194751633356666787e+01
2.878239178586466451e+01
3.113638640306976768e+01
3.148635624346723816e+01
3.273269772249410181e+01
3.124690761315152088e+01
3.304231624030200010e+01
3.057254485155154100e+01
