2.922067981263819192e+01
2.984555178804031783e+01
2.963808365783826559e+01
2.838708570538685549e+01
3.185082584364342395e+01
2.925638368134288214e+01
3.039265348438649994e+01
2.949797799485314087e+01
2.895107469501413888e+01
2.916659467167724173e+01
2.939130409680412725e+01
3.135718460744705993e+01
3.041048878429119995e+01
2.716150017038059516e+01
2.945277124195066065e+01
2.888355789252123884e+01
2.982388252804189221e+01
3.041108526496129372e+01
2.868500253677870049e+01
3.082035946054890019e+01
2.939893359251954763e+01
3.021702651089705682e+01
3.004169093717887407e+01
2.998426291839296098e+01
2.859364625115890846e+01
2.789199590869990075e+01
2.885920266304618309e+01
3.206083546285230312e+01
2.784249079814664896e+01
3.170256920231755515e+01
2.711602765348474975e+01
