2.983705229386188762e+01
3.184517182804724555e+01
2.990693957102211797e+01
2.949418568859285728e+01
3.046187813908825248e+01
2.853202419321378613e+01
2.921611236330870653e+01
2.822136680321886004e+01
2.965723194334960411e+01
3.024137106172515033e+01
2.827671019609928038e+01
3.058822070603931564e+01
2.858434988977552393e+01
3.044455213007303840e+01
3.037801380954523367e+01
2.967928973747117638e+01
2.852058116157635226e+01
2.884743928619604958e+01
3.082627951163255275e+01
3.132670522132127289e+01
2.755105814254541841e+01
3.060157405409542974e+01
2.952717819930261811e+01
3.062822670991500473e+01
2.993936590348550908e+01
2.976773957223678480e+01
2.933433307256509792e+01
2.997814323711665452e+01
3.073606169912195085e+01
3.126773987532076049e+01
