3.275183228032627625e+01
3.237817561951126777e+01
3.344772278361571693e+01
3.298833426814781689e+01
3.377785166317867294e+01
3.101219007514667325e+01
3.095321669226070327e+01
3.174533036152556420e+01
3.026686731471338376e+01
3.142651625480917943e+01
3.270285638545656326e+01
3.199901599050549095e+01
3.141202937281732943e+01
2.956255590000245093e+01
3.158458047660717583e+01
3.155112777526792911e+01
3.192287733677000006e+01
3.247663911228173816e+01
3.230892960513006784e+01
3.274821811090991019e+01
3.351670140162828204e+01
3.318359087776248373e+01
3.258950175908287861e+01
2.987879707632809811e+01
2.975913016130204625e+01
3.390912758042663455e+01
3.312774399811248571e+01
3.460464914450732721e+01
3.231745113636415567e+01
3.149493505121285963e+01
3.102190856238968308e+01
