2.999378705274759227e+01
3.048064575495578055e+01
3.154875216374132663e+01
3.049725201614759840e+01
3.344807643426350552e+01
3.293806833539170498e+01
3.231062030776698890e+01
3.066597186382184503e+01
3.367095783136638687e+01
3.243685851797931718e+01
3.132784411888932397e+01
3.174757738836936483e+01
3.052548638922201008e+01
3.040136642397099820e+01
3.361170081866369230e+01
3.228308932820927879e+01
3.044265145440555642e+01
3.201053694280336970e+01
3.075291461016257699e+01
3.121104035739665505e+01
3.234497262237993453e+01
3.198919578980278544e+01
3.327395737546185472e+01
3.306693105799758570e+01
2.949961373453967184e+01
3.104863122282908350e+01
3.302608607554321196e+01
3.164642554318831102e+01
3.295359654513931957e+01
3.249027061393805127e+01
